   lon          lat            geox            geoy        i     j     g
   283.43430    38.893604       1918750.0       -111000.0   146   124 1
   283.43097    38.884556       1918750.0       -112000.0   146   123 2
   283.42761    38.875504       1918750.0       -113000.0   146   122 3
   283.42429    38.866455       1918750.0       -114000.0   146   121 4
   283.42093    38.857407       1918750.0       -115000.0   146   120 5
   283.44586    38.890995       1919750.0       -111000.0   147   124 6
   283.44254    38.881943       1919750.0       -112000.0   147   123 7
   283.43921    38.872894       1919750.0       -113000.0   147   122 8
   283.43585    38.863846       1919750.0       -114000.0   147   121 9
   283.43250    38.854794       1919750.0       -115000.0   147   120 10
   283.45746    38.888378       1920750.0       -111000.0   148   124 11
   283.45410    38.879330       1920750.0       -112000.0   148   123 12
   283.45078    38.870281       1920750.0       -113000.0   148   122 13
   283.44742    38.861233       1920750.0       -114000.0   148   121 14
   283.44409    38.852180       1920750.0       -115000.0   148   120 15
   283.46902    38.885765       1921750.0       -111000.0   149   124 16
   283.46570    38.876717       1921750.0       -112000.0   149   123 17
   283.46234    38.867668       1921750.0       -113000.0   149   122 18
   283.45898    38.858620       1921750.0       -114000.0   149   121 19
   283.45566    38.849567       1921750.0       -115000.0   149   120 20
   283.48062    38.883148       1922750.0       -111000.0   150   124 21
   283.47726    38.874100       1922750.0       -112000.0   150   123 22
   283.47391    38.865051       1922750.0       -113000.0   150   122 23
   283.47058    38.856003       1922750.0       -114000.0   150   121 24
   283.46722    38.846954       1922750.0       -115000.0   150   120 25
