   283.43430    38.893604     1 1
   283.43097    38.884556     1 2
   283.42761    38.875504     1 3
   283.42429    38.866455     1 4
   283.42093    38.857407     1 5
   283.44586    38.890995     1 6
   283.44254    38.881943     1 7
   283.43921    38.872894     1 8
   283.43585    38.863846     1 9
   283.43250    38.854794     1 10
   283.45746    38.888378     1 11
   283.45410    38.879330     1 12
   283.45078    38.870281     1 13
   283.44742    38.861233     1 14
   283.44409    38.852180     1 15
   283.46902    38.885765     1 16
   283.46570    38.876717     1 17
   283.46234    38.867668     1 18
   283.45898    38.858620     1 19
   283.45566    38.849567     1 20
   283.48062    38.883148     1 21
   283.47726    38.874100     1 22
   283.47391    38.865051     1 23
   283.47058    38.856003     1 24
   283.46722    38.846954     1 25
