   194.02693    64.716942     1     1 
   194.04118    64.723099     1     2 
   194.05557    64.717010     1     3 
   194.06981    64.723160     1     4 
   194.05542    64.729248     1     5 
   194.01254    64.723030     1     6 
   194.02678    64.729187     1     7 
   194.04103    64.735336     1     8 
   194.06967    64.735405     1     9 
   194.01237    64.735275     1    10 
   194.05527    64.741493     1    11 
   194.02663    64.741425     1    12 
   194.04088    64.747581     1    13 
   194.01222    64.747513     1    14 
   194.06953    64.747643     1    15 
   194.05513    64.753731     1    16 
   194.02646    64.753670     1    17 
