    11.25000    47.250000     1     1
   148.25000   -35.750000     1     2
     4.75000    51.250000     1     3
     4.75000    50.750000     1     4
     5.75000    50.250000     1     5
   305.25000    -2.750000     1     6
   277.75000    48.250000     1     7
    18.75000    49.750000     1     8
    13.75000    50.750000     1     9
    10.25000    51.250000     1    10
    13.75000    50.750000     1    11
    13.75000    50.750000     1    12
    11.75000    55.250000     1    13
   339.25000    74.250000     1    14
    24.25000    61.750000     1    15
     1.75000    48.750000     1    16
     3.75000    43.750000     1    17
   307.25000     5.250000     1    18
    11.25000    45.750000     1    19
    11.25000    46.750000     1    20
    11.75000    42.250000     1    21
     5.75000    52.250000     1    22
   147.25000    70.750000     1    23
    32.75000    56.250000     1    24
   126.25000    72.250000     1    25
   262.75000    36.750000     1    26
   239.25000    38.750000     1    27
   287.75000    42.750000     1    28
   270.25000    46.250000     1    29
   263.75000    41.250000     1    30
   263.75000    41.250000     1    31
   263.75000    41.250000     1    32
   276.25000    41.750000     1    33
   269.75000    45.750000     1    34
   249.25000    31.750000     1    35
   270.75000    46.250000     1    36
   239.25000    38.250000     1    37
   275.25000    45.750000     1    38
   239.25000    38.250000     1    39
   269.75000    45.750000     1    40
   250.25000    31.750000     1    41
    31.25000   -25.250000     1    42
