   lon          lat            geox            geoy        i     j     g 
   194.02535    64.720203       -567450.0       1691150.0     1     1     1 
   194.02742    64.720363       -567350.0       1691150.0     2     1     2 
   194.02948    64.720524       -567250.0       1691150.0     3     1     3 
   194.03155    64.720685       -567150.0       1691150.0     4     1     4 
   194.03361    64.720845       -567050.0       1691150.0     5     1     5 
   194.03568    64.721006       -566950.0       1691150.0     6     1     6 
   194.03774    64.721167       -566850.0       1691150.0     7     1     7 
   194.03981    64.721327       -566750.0       1691150.0     8     1     8 
   194.04187    64.721488       -566650.0       1691150.0     9     1     9 
   194.04394    64.721648       -566550.0       1691150.0    10     1    10 
   194.04600    64.721809       -566450.0       1691150.0    11     1    11 
   194.04807    64.721969       -566350.0       1691150.0    12     1    12 
   194.05013    64.722130       -566250.0       1691150.0    13     1    13 
   194.05220    64.722290       -566150.0       1691150.0    14     1    14 
   194.05426    64.722451       -566050.0       1691150.0    15     1    15 
   194.05633    64.722611       -565950.0       1691150.0    16     1    16 
   194.05839    64.722772       -565850.0       1691150.0    17     1    17 
   194.06046    64.722932       -565750.0       1691150.0    18     1    18 
   194.06252    64.723092       -565650.0       1691150.0    19     1    19 
   194.06459    64.723252       -565550.0       1691150.0    20     1    20 
   194.06665    64.723413       -565450.0       1691150.0    21     1    21 
   194.02498    64.721085       -567450.0       1691250.0     1     2    22 
   194.02704    64.721245       -567350.0       1691250.0     2     2    23 
   194.02911    64.721406       -567250.0       1691250.0     3     2    24 
   194.03117    64.721567       -567150.0       1691250.0     4     2    25 
   194.03323    64.721727       -567050.0       1691250.0     5     2    26 
   194.03530    64.721888       -566950.0       1691250.0     6     2    27 
   194.03736    64.722049       -566850.0       1691250.0     7     2    28 
   194.03943    64.722209       -566750.0       1691250.0     8     2    29 
   194.04149    64.722370       -566650.0       1691250.0     9     2    30 
   194.04356    64.722531       -566550.0       1691250.0    10     2    31 
   194.04563    64.722691       -566450.0       1691250.0    11     2    32 
   194.04769    64.722852       -566350.0       1691250.0    12     2    33 
   194.04976    64.723012       -566250.0       1691250.0    13     2    34 
   194.05182    64.723172       -566150.0       1691250.0    14     2    35 
   194.05389    64.723333       -566050.0       1691250.0    15     2    36 
   194.05595    64.723493       -565950.0       1691250.0    16     2    37 
   194.05802    64.723654       -565850.0       1691250.0    17     2    38 
   194.06008    64.723814       -565750.0       1691250.0    18     2    39 
   194.06215    64.723974       -565650.0       1691250.0    19     2    40 
   194.06421    64.724135       -565550.0       1691250.0    20     2    41 
   194.06628    64.724295       -565450.0       1691250.0    21     2    42 
   194.02460    64.721967       -567450.0       1691350.0     1     3    43 
   194.02666    64.722127       -567350.0       1691350.0     2     3    44 
   194.02873    64.722288       -567250.0       1691350.0     3     3    45 
   194.03079    64.722449       -567150.0       1691350.0     4     3    46 
   194.03286    64.722609       -567050.0       1691350.0     5     3    47 
   194.03492    64.722770       -566950.0       1691350.0     6     3    48 
   194.03699    64.722931       -566850.0       1691350.0     7     3    49 
   194.03905    64.723091       -566750.0       1691350.0     8     3    50 
   194.04112    64.723252       -566650.0       1691350.0     9     3    51 
   194.04318    64.723413       -566550.0       1691350.0    10     3    52 
   194.04525    64.723573       -566450.0       1691350.0    11     3    53 
   194.04731    64.723734       -566350.0       1691350.0    12     3    54 
   194.04938    64.723894       -566250.0       1691350.0    13     3    55 
   194.05144    64.724054       -566150.0       1691350.0    14     3    56 
   194.05351    64.724215       -566050.0       1691350.0    15     3    57 
   194.05558    64.724375       -565950.0       1691350.0    16     3    58 
   194.05764    64.724536       -565850.0       1691350.0    17     3    59 
   194.05971    64.724696       -565750.0       1691350.0    18     3    60 
   194.06177    64.724856       -565650.0       1691350.0    19     3    61 
   194.06384    64.725017       -565550.0       1691350.0    20     3    62 
   194.06590    64.725177       -565450.0       1691350.0    21     3    63 
   194.02422    64.722849       -567450.0       1691450.0     1     4    64 
   194.02629    64.723009       -567350.0       1691450.0     2     4    65 
   194.02835    64.723170       -567250.0       1691450.0     3     4    66 
   194.03042    64.723331       -567150.0       1691450.0     4     4    67 
   194.03248    64.723491       -567050.0       1691450.0     5     4    68 
   194.03455    64.723652       -566950.0       1691450.0     6     4    69 
   194.03661    64.723813       -566850.0       1691450.0     7     4    70 
   194.03868    64.723973       -566750.0       1691450.0     8     4    71 
   194.04074    64.724134       -566650.0       1691450.0     9     4    72 
   194.04281    64.724295       -566550.0       1691450.0    10     4    73 
   194.04487    64.724455       -566450.0       1691450.0    11     4    74 
   194.04694    64.724616       -566350.0       1691450.0    12     4    75 
   194.04900    64.724776       -566250.0       1691450.0    13     4    76 
   194.05107    64.724937       -566150.0       1691450.0    14     4    77 
   194.05313    64.725097       -566050.0       1691450.0    15     4    78 
   194.05520    64.725257       -565950.0       1691450.0    16     4    79 
   194.05727    64.725418       -565850.0       1691450.0    17     4    80 
   194.05933    64.725578       -565750.0       1691450.0    18     4    81 
   194.06140    64.725738       -565650.0       1691450.0    19     4    82 
   194.06346    64.725899       -565550.0       1691450.0    20     4    83 
   194.06553    64.726059       -565450.0       1691450.0    21     4    84 
   194.02385    64.723731       -567450.0       1691550.0     1     5    85 
   194.02591    64.723891       -567350.0       1691550.0     2     5    86 
   194.02798    64.724052       -567250.0       1691550.0     3     5    87 
   194.03004    64.724213       -567150.0       1691550.0     4     5    88 
   194.03211    64.724374       -567050.0       1691550.0     5     5    89 
   194.03417    64.724534       -566950.0       1691550.0     6     5    90 
   194.03624    64.724695       -566850.0       1691550.0     7     5    91 
   194.03830    64.724855       -566750.0       1691550.0     8     5    92 
   194.04037    64.725016       -566650.0       1691550.0     9     5    93 
   194.04243    64.725177       -566550.0       1691550.0    10     5    94 
   194.04450    64.725337       -566450.0       1691550.0    11     5    95 
   194.04656    64.725498       -566350.0       1691550.0    12     5    96 
   194.04863    64.725658       -566250.0       1691550.0    13     5    97 
   194.05069    64.725819       -566150.0       1691550.0    14     5    98 
   194.05276    64.725979       -566050.0       1691550.0    15     5    99 
   194.05482    64.726139       -565950.0       1691550.0    16     5   100 
   194.05689    64.726300       -565850.0       1691550.0    17     5   101 
   194.05896    64.726460       -565750.0       1691550.0    18     5   102 
   194.06102    64.726620       -565650.0       1691550.0    19     5   103 
   194.06309    64.726781       -565550.0       1691550.0    20     5   104 
   194.06515    64.726941       -565450.0       1691550.0    21     5   105 
   194.02347    64.724613       -567450.0       1691650.0     1     6   106 
   194.02553    64.724773       -567350.0       1691650.0     2     6   107 
   194.02760    64.724934       -567250.0       1691650.0     3     6   108 
   194.02966    64.725095       -567150.0       1691650.0     4     6   109 
   194.03173    64.725256       -567050.0       1691650.0     5     6   110 
   194.03380    64.725416       -566950.0       1691650.0     6     6   111 
   194.03586    64.725577       -566850.0       1691650.0     7     6   112 
   194.03793    64.725737       -566750.0       1691650.0     8     6   113 
   194.03999    64.725898       -566650.0       1691650.0     9     6   114 
   194.04206    64.726059       -566550.0       1691650.0    10     6   115 
   194.04412    64.726219       -566450.0       1691650.0    11     6   116 
   194.04619    64.726380       -566350.0       1691650.0    12     6   117 
   194.04825    64.726540       -566250.0       1691650.0    13     6   118 
   194.05032    64.726701       -566150.0       1691650.0    14     6   119 
   194.05238    64.726861       -566050.0       1691650.0    15     6   120 
   194.05445    64.727021       -565950.0       1691650.0    16     6   121 
   194.05651    64.727182       -565850.0       1691650.0    17     6   122 
   194.05858    64.727342       -565750.0       1691650.0    18     6   123 
   194.06065    64.727503       -565650.0       1691650.0    19     6   124 
   194.06271    64.727663       -565550.0       1691650.0    20     6   125 
   194.06478    64.727823       -565450.0       1691650.0    21     6   126 
   194.02309    64.725495       -567450.0       1691750.0     1     7   127 
   194.02516    64.725655       -567350.0       1691750.0     2     7   128 
   194.02722    64.725816       -567250.0       1691750.0     3     7   129 
   194.02929    64.725977       -567150.0       1691750.0     4     7   130 
   194.03135    64.726138       -567050.0       1691750.0     5     7   131 
   194.03342    64.726298       -566950.0       1691750.0     6     7   132 
   194.03548    64.726459       -566850.0       1691750.0     7     7   133 
   194.03755    64.726619       -566750.0       1691750.0     8     7   134 
   194.03962    64.726780       -566650.0       1691750.0     9     7   135 
   194.04168    64.726941       -566550.0       1691750.0    10     7   136 
   194.04375    64.727101       -566450.0       1691750.0    11     7   137 
   194.04581    64.727262       -566350.0       1691750.0    12     7   138 
   194.04788    64.727422       -566250.0       1691750.0    13     7   139 
   194.04994    64.727583       -566150.0       1691750.0    14     7   140 
   194.05201    64.727743       -566050.0       1691750.0    15     7   141 
   194.05407    64.727904       -565950.0       1691750.0    16     7   142 
   194.05614    64.728064       -565850.0       1691750.0    17     7   143 
   194.05820    64.728224       -565750.0       1691750.0    18     7   144 
   194.06027    64.728385       -565650.0       1691750.0    19     7   145 
   194.06234    64.728545       -565550.0       1691750.0    20     7   146 
   194.06440    64.728705       -565450.0       1691750.0    21     7   147 
   194.02272    64.726376       -567450.0       1691850.0     1     8   148 
   194.02478    64.726537       -567350.0       1691850.0     2     8   149 
   194.02685    64.726698       -567250.0       1691850.0     3     8   150 
   194.02891    64.726859       -567150.0       1691850.0     4     8   151 
   194.03098    64.727020       -567050.0       1691850.0     5     8   152 
   194.03304    64.727180       -566950.0       1691850.0     6     8   153 
   194.03511    64.727341       -566850.0       1691850.0     7     8   154 
   194.03717    64.727502       -566750.0       1691850.0     8     8   155 
   194.03924    64.727662       -566650.0       1691850.0     9     8   156 
   194.04130    64.727823       -566550.0       1691850.0    10     8   157 
   194.04337    64.727983       -566450.0       1691850.0    11     8   158 
   194.04544    64.728144       -566350.0       1691850.0    12     8   159 
   194.04750    64.728304       -566250.0       1691850.0    13     8   160 
   194.04957    64.728465       -566150.0       1691850.0    14     8   161 
   194.05163    64.728625       -566050.0       1691850.0    15     8   162 
   194.05370    64.728786       -565950.0       1691850.0    16     8   163 
   194.05576    64.728946       -565850.0       1691850.0    17     8   164 
   194.05783    64.729106       -565750.0       1691850.0    18     8   165 
   194.05989    64.729267       -565650.0       1691850.0    19     8   166 
   194.06196    64.729427       -565550.0       1691850.0    20     8   167 
   194.06403    64.729587       -565450.0       1691850.0    21     8   168 
   194.02234    64.727258       -567450.0       1691950.0     1     9   169 
   194.02441    64.727419       -567350.0       1691950.0     2     9   170 
   194.02647    64.727580       -567250.0       1691950.0     3     9   171 
   194.02854    64.727741       -567150.0       1691950.0     4     9   172 
   194.03060    64.727902       -567050.0       1691950.0     5     9   173 
   194.03267    64.728062       -566950.0       1691950.0     6     9   174 
   194.03473    64.728223       -566850.0       1691950.0     7     9   175 
   194.03680    64.728384       -566750.0       1691950.0     8     9   176 
   194.03886    64.728544       -566650.0       1691950.0     9     9   177 
   194.04093    64.728705       -566550.0       1691950.0    10     9   178 
   194.04299    64.728865       -566450.0       1691950.0    11     9   179 
   194.04506    64.729026       -566350.0       1691950.0    12     9   180 
   194.04713    64.729186       -566250.0       1691950.0    13     9   181 
   194.04919    64.729347       -566150.0       1691950.0    14     9   182 
   194.05126    64.729507       -566050.0       1691950.0    15     9   183 
   194.05332    64.729668       -565950.0       1691950.0    16     9   184 
   194.05539    64.729828       -565850.0       1691950.0    17     9   185 
   194.05745    64.729988       -565750.0       1691950.0    18     9   186 
   194.05952    64.730149       -565650.0       1691950.0    19     9   187 
   194.06158    64.730309       -565550.0       1691950.0    20     9   188 
   194.06365    64.730469       -565450.0       1691950.0    21     9   189 
   194.02196    64.728140       -567450.0       1692050.0     1    10   190 
   194.02403    64.728301       -567350.0       1692050.0     2    10   191 
   194.02609    64.728462       -567250.0       1692050.0     3    10   192 
   194.02816    64.728623       -567150.0       1692050.0     4    10   193 
   194.03022    64.728784       -567050.0       1692050.0     5    10   194 
   194.03229    64.728944       -566950.0       1692050.0     6    10   195 
   194.03436    64.729105       -566850.0       1692050.0     7    10   196 
   194.03642    64.729266       -566750.0       1692050.0     8    10   197 
   194.03849    64.729426       -566650.0       1692050.0     9    10   198 
   194.04055    64.729587       -566550.0       1692050.0    10    10   199 
   194.04262    64.729747       -566450.0       1692050.0    11    10   200 
   194.04468    64.729908       -566350.0       1692050.0    12    10   201 
   194.04675    64.730068       -566250.0       1692050.0    13    10   202 
   194.04881    64.730229       -566150.0       1692050.0    14    10   203 
   194.05088    64.730389       -566050.0       1692050.0    15    10   204 
   194.05295    64.730550       -565950.0       1692050.0    16    10   205 
   194.05501    64.730710       -565850.0       1692050.0    17    10   206 
   194.05708    64.730871       -565750.0       1692050.0    18    10   207 
   194.05914    64.731031       -565650.0       1692050.0    19    10   208 
   194.06121    64.731191       -565550.0       1692050.0    20    10   209 
   194.06328    64.731351       -565450.0       1692050.0    21    10   210 
   194.02159    64.729022       -567450.0       1692150.0     1    11   211 
   194.02365    64.729183       -567350.0       1692150.0     2    11   212 
   194.02572    64.729344       -567250.0       1692150.0     3    11   213 
   194.02778    64.729505       -567150.0       1692150.0     4    11   214 
   194.02985    64.729666       -567050.0       1692150.0     5    11   215 
   194.03191    64.729826       -566950.0       1692150.0     6    11   216 
   194.03398    64.729987       -566850.0       1692150.0     7    11   217 
   194.03605    64.730148       -566750.0       1692150.0     8    11   218 
   194.03811    64.730308       -566650.0       1692150.0     9    11   219 
   194.04018    64.730469       -566550.0       1692150.0    10    11   220 
   194.04224    64.730629       -566450.0       1692150.0    11    11   221 
   194.04431    64.730790       -566350.0       1692150.0    12    11   222 
   194.04637    64.730950       -566250.0       1692150.0    13    11   223 
   194.04844    64.731111       -566150.0       1692150.0    14    11   224 
   194.05050    64.731271       -566050.0       1692150.0    15    11   225 
   194.05257    64.731432       -565950.0       1692150.0    16    11   226 
   194.05464    64.731592       -565850.0       1692150.0    17    11   227 
   194.05670    64.731753       -565750.0       1692150.0    18    11   228 
   194.05877    64.731913       -565650.0       1692150.0    19    11   229 
   194.06083    64.732073       -565550.0       1692150.0    20    11   230 
   194.06290    64.732234       -565450.0       1692150.0    21    11   231 
   194.02121    64.729904       -567450.0       1692250.0     1    12   232 
   194.02328    64.730065       -567350.0       1692250.0     2    12   233 
   194.02534    64.730226       -567250.0       1692250.0     3    12   234 
   194.02741    64.730387       -567150.0       1692250.0     4    12   235 
   194.02947    64.730548       -567050.0       1692250.0     5    12   236 
   194.03154    64.730708       -566950.0       1692250.0     6    12   237 
   194.03360    64.730869       -566850.0       1692250.0     7    12   238 
   194.03567    64.731030       -566750.0       1692250.0     8    12   239 
   194.03773    64.731190       -566650.0       1692250.0     9    12   240 
   194.03980    64.731351       -566550.0       1692250.0    10    12   241 
   194.04187    64.731511       -566450.0       1692250.0    11    12   242 
   194.04393    64.731672       -566350.0       1692250.0    12    12   243 
   194.04600    64.731833       -566250.0       1692250.0    13    12   244 
   194.04806    64.731993       -566150.0       1692250.0    14    12   245 
   194.05013    64.732153       -566050.0       1692250.0    15    12   246 
   194.05219    64.732314       -565950.0       1692250.0    16    12   247 
   194.05426    64.732474       -565850.0       1692250.0    17    12   248 
   194.05633    64.732635       -565750.0       1692250.0    18    12   249 
   194.05839    64.732795       -565650.0       1692250.0    19    12   250 
   194.06046    64.732955       -565550.0       1692250.0    20    12   251 
   194.06252    64.733116       -565450.0       1692250.0    21    12   252 
   194.02083    64.730786       -567450.0       1692350.0     1    13   253 
   194.02290    64.730947       -567350.0       1692350.0     2    13   254 
   194.02496    64.731108       -567250.0       1692350.0     3    13   255 
   194.02703    64.731269       -567150.0       1692350.0     4    13   256 
   194.02910    64.731430       -567050.0       1692350.0     5    13   257 
   194.03116    64.731590       -566950.0       1692350.0     6    13   258 
   194.03323    64.731751       -566850.0       1692350.0     7    13   259 
   194.03529    64.731912       -566750.0       1692350.0     8    13   260 
   194.03736    64.732072       -566650.0       1692350.0     9    13   261 
   194.03942    64.732233       -566550.0       1692350.0    10    13   262 
   194.04149    64.732393       -566450.0       1692350.0    11    13   263 
   194.04356    64.732554       -566350.0       1692350.0    12    13   264 
   194.04562    64.732715       -566250.0       1692350.0    13    13   265 
   194.04769    64.732875       -566150.0       1692350.0    14    13   266 
   194.04975    64.733036       -566050.0       1692350.0    15    13   267 
   194.05182    64.733196       -565950.0       1692350.0    16    13   268 
   194.05389    64.733356       -565850.0       1692350.0    17    13   269 
   194.05595    64.733517       -565750.0       1692350.0    18    13   270 
   194.05802    64.733677       -565650.0       1692350.0    19    13   271 
   194.06008    64.733837       -565550.0       1692350.0    20    13   272 
   194.06215    64.733998       -565450.0       1692350.0    21    13   273 
   194.02046    64.731668       -567450.0       1692450.0     1    14   274 
   194.02252    64.731829       -567350.0       1692450.0     2    14   275 
   194.02459    64.731990       -567250.0       1692450.0     3    14   276 
   194.02665    64.732151       -567150.0       1692450.0     4    14   277 
   194.02872    64.732312       -567050.0       1692450.0     5    14   278 
   194.03078    64.732472       -566950.0       1692450.0     6    14   279 
   194.03285    64.732633       -566850.0       1692450.0     7    14   280 
   194.03492    64.732794       -566750.0       1692450.0     8    14   281 
   194.03698    64.732954       -566650.0       1692450.0     9    14   282 
   194.03905    64.733115       -566550.0       1692450.0    10    14   283 
   194.04111    64.733276       -566450.0       1692450.0    11    14   284 
   194.04318    64.733436       -566350.0       1692450.0    12    14   285 
   194.04525    64.733597       -566250.0       1692450.0    13    14   286 
   194.04731    64.733757       -566150.0       1692450.0    14    14   287 
   194.04938    64.733918       -566050.0       1692450.0    15    14   288 
   194.05144    64.734078       -565950.0       1692450.0    16    14   289 
   194.05351    64.734238       -565850.0       1692450.0    17    14   290 
   194.05558    64.734399       -565750.0       1692450.0    18    14   291 
   194.05764    64.734559       -565650.0       1692450.0    19    14   292 
   194.05971    64.734720       -565550.0       1692450.0    20    14   293 
   194.06177    64.734880       -565450.0       1692450.0    21    14   294 
   194.02008    64.732550       -567450.0       1692550.0     1    15   295 
   194.02215    64.732711       -567350.0       1692550.0     2    15   296 
   194.02421    64.732872       -567250.0       1692550.0     3    15   297 
   194.02628    64.733033       -567150.0       1692550.0     4    15   298 
   194.02834    64.733194       -567050.0       1692550.0     5    15   299 
   194.03041    64.733354       -566950.0       1692550.0     6    15   300 
   194.03247    64.733515       -566850.0       1692550.0     7    15   301 
   194.03454    64.733676       -566750.0       1692550.0     8    15   302 
   194.03661    64.733836       -566650.0       1692550.0     9    15   303 
   194.03867    64.733997       -566550.0       1692550.0    10    15   304 
   194.04074    64.734158       -566450.0       1692550.0    11    15   305 
   194.04280    64.734318       -566350.0       1692550.0    12    15   306 
   194.04487    64.734479       -566250.0       1692550.0    13    15   307 
   194.04694    64.734639       -566150.0       1692550.0    14    15   308 
   194.04900    64.734800       -566050.0       1692550.0    15    15   309 
   194.05107    64.734960       -565950.0       1692550.0    16    15   310 
   194.05313    64.735121       -565850.0       1692550.0    17    15   311 
   194.05520    64.735281       -565750.0       1692550.0    18    15   312 
   194.05727    64.735441       -565650.0       1692550.0    19    15   313 
   194.05933    64.735602       -565550.0       1692550.0    20    15   314 
   194.06140    64.735762       -565450.0       1692550.0    21    15   315 
   194.01970    64.733432       -567450.0       1692650.0     1    16   316 
   194.02177    64.733593       -567350.0       1692650.0     2    16   317 
   194.02383    64.733754       -567250.0       1692650.0     3    16   318 
   194.02590    64.733915       -567150.0       1692650.0     4    16   319 
   194.02797    64.734076       -567050.0       1692650.0     5    16   320 
   194.03003    64.734236       -566950.0       1692650.0     6    16   321 
   194.03210    64.734397       -566850.0       1692650.0     7    16   322 
   194.03416    64.734558       -566750.0       1692650.0     8    16   323 
   194.03623    64.734718       -566650.0       1692650.0     9    16   324 
   194.03830    64.734879       -566550.0       1692650.0    10    16   325 
   194.04036    64.735040       -566450.0       1692650.0    11    16   326 
   194.04243    64.735200       -566350.0       1692650.0    12    16   327 
   194.04449    64.735361       -566250.0       1692650.0    13    16   328 
   194.04656    64.735521       -566150.0       1692650.0    14    16   329 
   194.04863    64.735682       -566050.0       1692650.0    15    16   330 
   194.05069    64.735842       -565950.0       1692650.0    16    16   331 
   194.05276    64.736003       -565850.0       1692650.0    17    16   332 
   194.05482    64.736163       -565750.0       1692650.0    18    16   333 
   194.05689    64.736323       -565650.0       1692650.0    19    16   334 
   194.05896    64.736484       -565550.0       1692650.0    20    16   335 
   194.06102    64.736644       -565450.0       1692650.0    21    16   336 
   194.01933    64.734314       -567450.0       1692750.0     1    17   337 
   194.02139    64.734475       -567350.0       1692750.0     2    17   338 
   194.02346    64.734636       -567250.0       1692750.0     3    17   339 
   194.02552    64.734797       -567150.0       1692750.0     4    17   340 
   194.02759    64.734958       -567050.0       1692750.0     5    17   341 
   194.02966    64.735118       -566950.0       1692750.0     6    17   342 
   194.03172    64.735279       -566850.0       1692750.0     7    17   343 
   194.03379    64.735440       -566750.0       1692750.0     8    17   344 
   194.03585    64.735600       -566650.0       1692750.0     9    17   345 
   194.03792    64.735761       -566550.0       1692750.0    10    17   346 
   194.03999    64.735922       -566450.0       1692750.0    11    17   347 
   194.04205    64.736082       -566350.0       1692750.0    12    17   348 
   194.04412    64.736243       -566250.0       1692750.0    13    17   349 
   194.04618    64.736403       -566150.0       1692750.0    14    17   350 
   194.04825    64.736564       -566050.0       1692750.0    15    17   351 
   194.05032    64.736724       -565950.0       1692750.0    16    17   352 
   194.05238    64.736885       -565850.0       1692750.0    17    17   353 
   194.05445    64.737045       -565750.0       1692750.0    18    17   354 
   194.05651    64.737205       -565650.0       1692750.0    19    17   355 
   194.05858    64.737366       -565550.0       1692750.0    20    17   356 
   194.06065    64.737526       -565450.0       1692750.0    21    17   357 
   194.01895    64.735196       -567450.0       1692850.0     1    18   358 
   194.02102    64.735357       -567350.0       1692850.0     2    18   359 
   194.02308    64.735518       -567250.0       1692850.0     3    18   360 
   194.02515    64.735679       -567150.0       1692850.0     4    18   361 
   194.02721    64.735840       -567050.0       1692850.0     5    18   362 
   194.02928    64.736000       -566950.0       1692850.0     6    18   363 
   194.03135    64.736161       -566850.0       1692850.0     7    18   364 
   194.03341    64.736322       -566750.0       1692850.0     8    18   365 
   194.03548    64.736482       -566650.0       1692850.0     9    18   366 
   194.03754    64.736643       -566550.0       1692850.0    10    18   367 
   194.03961    64.736804       -566450.0       1692850.0    11    18   368 
   194.04168    64.736964       -566350.0       1692850.0    12    18   369 
   194.04374    64.737125       -566250.0       1692850.0    13    18   370 
   194.04581    64.737285       -566150.0       1692850.0    14    18   371 
   194.04787    64.737446       -566050.0       1692850.0    15    18   372 
   194.04994    64.737606       -565950.0       1692850.0    16    18   373 
   194.05201    64.737767       -565850.0       1692850.0    17    18   374 
   194.05407    64.737927       -565750.0       1692850.0    18    18   375 
   194.05614    64.738088       -565650.0       1692850.0    19    18   376 
   194.05821    64.738248       -565550.0       1692850.0    20    18   377 
   194.06027    64.738408       -565450.0       1692850.0    21    18   378 
   194.01857    64.736078       -567450.0       1692950.0     1    19   379 
   194.02064    64.736239       -567350.0       1692950.0     2    19   380 
   194.02270    64.736400       -567250.0       1692950.0     3    19   381 
   194.02477    64.736561       -567150.0       1692950.0     4    19   382 
   194.02684    64.736722       -567050.0       1692950.0     5    19   383 
   194.02890    64.736882       -566950.0       1692950.0     6    19   384 
   194.03097    64.737043       -566850.0       1692950.0     7    19   385 
   194.03303    64.737204       -566750.0       1692950.0     8    19   386 
   194.03510    64.737364       -566650.0       1692950.0     9    19   387 
   194.03717    64.737525       -566550.0       1692950.0    10    19   388 
   194.03923    64.737686       -566450.0       1692950.0    11    19   389 
   194.04130    64.737846       -566350.0       1692950.0    12    19   390 
   194.04337    64.738007       -566250.0       1692950.0    13    19   391 
   194.04543    64.738167       -566150.0       1692950.0    14    19   392 
   194.04750    64.738328       -566050.0       1692950.0    15    19   393 
   194.04956    64.738488       -565950.0       1692950.0    16    19   394 
   194.05163    64.738649       -565850.0       1692950.0    17    19   395 
   194.05370    64.738809       -565750.0       1692950.0    18    19   396 
   194.05576    64.738970       -565650.0       1692950.0    19    19   397 
   194.05783    64.739130       -565550.0       1692950.0    20    19   398 
   194.05990    64.739290       -565450.0       1692950.0    21    19   399 
   194.01820    64.736960       -567450.0       1693050.0     1    20   400 
   194.02026    64.737121       -567350.0       1693050.0     2    20   401 
   194.02233    64.737282       -567250.0       1693050.0     3    20   402 
   194.02439    64.737443       -567150.0       1693050.0     4    20   403 
   194.02646    64.737604       -567050.0       1693050.0     5    20   404 
   194.02853    64.737764       -566950.0       1693050.0     6    20   405 
   194.03059    64.737925       -566850.0       1693050.0     7    20   406 
   194.03266    64.738086       -566750.0       1693050.0     8    20   407 
   194.03472    64.738247       -566650.0       1693050.0     9    20   408 
   194.03679    64.738407       -566550.0       1693050.0    10    20   409 
   194.03886    64.738568       -566450.0       1693050.0    11    20   410 
   194.04092    64.738728       -566350.0       1693050.0    12    20   411 
   194.04299    64.738889       -566250.0       1693050.0    13    20   412 
   194.04506    64.739049       -566150.0       1693050.0    14    20   413 
   194.04712    64.739210       -566050.0       1693050.0    15    20   414 
   194.04919    64.739370       -565950.0       1693050.0    16    20   415 
   194.05125    64.739531       -565850.0       1693050.0    17    20   416 
   194.05332    64.739691       -565750.0       1693050.0    18    20   417 
   194.05539    64.739852       -565650.0       1693050.0    19    20   418 
   194.05745    64.740012       -565550.0       1693050.0    20    20   419 
   194.05952    64.740172       -565450.0       1693050.0    21    20   420 
   194.01782    64.737842       -567450.0       1693150.0     1    21   421 
   194.01989    64.738003       -567350.0       1693150.0     2    21   422 
   194.02195    64.738164       -567250.0       1693150.0     3    21   423 
   194.02402    64.738325       -567150.0       1693150.0     4    21   424 
   194.02608    64.738486       -567050.0       1693150.0     5    21   425 
   194.02815    64.738646       -566950.0       1693150.0     6    21   426 
   194.03022    64.738807       -566850.0       1693150.0     7    21   427 
   194.03228    64.738968       -566750.0       1693150.0     8    21   428 
   194.03435    64.739129       -566650.0       1693150.0     9    21   429 
   194.03641    64.739289       -566550.0       1693150.0    10    21   430 
   194.03848    64.739450       -566450.0       1693150.0    11    21   431 
   194.04055    64.739610       -566350.0       1693150.0    12    21   432 
   194.04261    64.739771       -566250.0       1693150.0    13    21   433 
   194.04468    64.739932       -566150.0       1693150.0    14    21   434 
   194.04675    64.740092       -566050.0       1693150.0    15    21   435 
   194.04881    64.740253       -565950.0       1693150.0    16    21   436 
   194.05088    64.740413       -565850.0       1693150.0    17    21   437 
   194.05295    64.740573       -565750.0       1693150.0    18    21   438 
   194.05501    64.740734       -565650.0       1693150.0    19    21   439 
   194.05708    64.740894       -565550.0       1693150.0    20    21   440 
   194.05914    64.741055       -565450.0       1693150.0    21    21   441 
   194.01744    64.738724       -567450.0       1693250.0     1    22   442 
   194.01951    64.738885       -567350.0       1693250.0     2    22   443 
   194.02157    64.739046       -567250.0       1693250.0     3    22   444 
   194.02364    64.739207       -567150.0       1693250.0     4    22   445 
   194.02571    64.739368       -567050.0       1693250.0     5    22   446 
   194.02777    64.739528       -566950.0       1693250.0     6    22   447 
   194.02984    64.739689       -566850.0       1693250.0     7    22   448 
   194.03191    64.739850       -566750.0       1693250.0     8    22   449 
   194.03397    64.740011       -566650.0       1693250.0     9    22   450 
   194.03604    64.740171       -566550.0       1693250.0    10    22   451 
   194.03810    64.740332       -566450.0       1693250.0    11    22   452 
   194.04017    64.740492       -566350.0       1693250.0    12    22   453 
   194.04224    64.740653       -566250.0       1693250.0    13    22   454 
   194.04430    64.740814       -566150.0       1693250.0    14    22   455 
   194.04637    64.740974       -566050.0       1693250.0    15    22   456 
   194.04844    64.741135       -565950.0       1693250.0    16    22   457 
   194.05050    64.741295       -565850.0       1693250.0    17    22   458 
   194.05257    64.741455       -565750.0       1693250.0    18    22   459 
   194.05464    64.741616       -565650.0       1693250.0    19    22   460 
   194.05670    64.741776       -565550.0       1693250.0    20    22   461 
   194.05877    64.741937       -565450.0       1693250.0    21    22   462 
   194.01707    64.739606       -567450.0       1693350.0     1    23   463 
   194.01913    64.739767       -567350.0       1693350.0     2    23   464 
   194.02120    64.739928       -567250.0       1693350.0     3    23   465 
   194.02326    64.740089       -567150.0       1693350.0     4    23   466 
   194.02533    64.740250       -567050.0       1693350.0     5    23   467 
   194.02740    64.740410       -566950.0       1693350.0     6    23   468 
   194.02946    64.740571       -566850.0       1693350.0     7    23   469 
   194.03153    64.740732       -566750.0       1693350.0     8    23   470 
   194.03360    64.740893       -566650.0       1693350.0     9    23   471 
   194.03566    64.741053       -566550.0       1693350.0    10    23   472 
   194.03773    64.741214       -566450.0       1693350.0    11    23   473 
   194.03979    64.741375       -566350.0       1693350.0    12    23   474 
   194.04186    64.741535       -566250.0       1693350.0    13    23   475 
   194.04393    64.741696       -566150.0       1693350.0    14    23   476 
   194.04599    64.741856       -566050.0       1693350.0    15    23   477 
   194.04806    64.742017       -565950.0       1693350.0    16    23   478 
   194.05013    64.742177       -565850.0       1693350.0    17    23   479 
   194.05219    64.742338       -565750.0       1693350.0    18    23   480 
   194.05426    64.742498       -565650.0       1693350.0    19    23   481 
   194.05633    64.742658       -565550.0       1693350.0    20    23   482 
   194.05839    64.742819       -565450.0       1693350.0    21    23   483 
   194.01669    64.740488       -567450.0       1693450.0     1    24   484 
   194.01875    64.740649       -567350.0       1693450.0     2    24   485 
   194.02082    64.740810       -567250.0       1693450.0     3    24   486 
   194.02289    64.740971       -567150.0       1693450.0     4    24   487 
   194.02495    64.741132       -567050.0       1693450.0     5    24   488 
   194.02702    64.741292       -566950.0       1693450.0     6    24   489 
   194.02909    64.741453       -566850.0       1693450.0     7    24   490 
   194.03115    64.741614       -566750.0       1693450.0     8    24   491 
   194.03322    64.741775       -566650.0       1693450.0     9    24   492 
   194.03529    64.741935       -566550.0       1693450.0    10    24   493 
   194.03735    64.742096       -566450.0       1693450.0    11    24   494 
   194.03942    64.742257       -566350.0       1693450.0    12    24   495 
   194.04148    64.742417       -566250.0       1693450.0    13    24   496 
   194.04355    64.742578       -566150.0       1693450.0    14    24   497 
   194.04562    64.742738       -566050.0       1693450.0    15    24   498 
   194.04768    64.742899       -565950.0       1693450.0    16    24   499 
   194.04975    64.743059       -565850.0       1693450.0    17    24   500 
   194.05182    64.743220       -565750.0       1693450.0    18    24   501 
   194.05388    64.743380       -565650.0       1693450.0    19    24   502 
   194.05595    64.743540       -565550.0       1693450.0    20    24   503 
   194.05802    64.743701       -565450.0       1693450.0    21    24   504 
   194.01631    64.741370       -567450.0       1693550.0     1    25   505 
   194.01838    64.741531       -567350.0       1693550.0     2    25   506 
   194.02044    64.741692       -567250.0       1693550.0     3    25   507 
   194.02251    64.741853       -567150.0       1693550.0     4    25   508 
   194.02458    64.742014       -567050.0       1693550.0     5    25   509 
   194.02664    64.742175       -566950.0       1693550.0     6    25   510 
   194.02871    64.742335       -566850.0       1693550.0     7    25   511 
   194.03078    64.742496       -566750.0       1693550.0     8    25   512 
   194.03284    64.742657       -566650.0       1693550.0     9    25   513 
   194.03491    64.742817       -566550.0       1693550.0    10    25   514 
   194.03698    64.742978       -566450.0       1693550.0    11    25   515 
   194.03904    64.743139       -566350.0       1693550.0    12    25   516 
   194.04111    64.743299       -566250.0       1693550.0    13    25   517 
   194.04318    64.743460       -566150.0       1693550.0    14    25   518 
   194.04524    64.743620       -566050.0       1693550.0    15    25   519 
   194.04731    64.743781       -565950.0       1693550.0    16    25   520 
   194.04938    64.743941       -565850.0       1693550.0    17    25   521 
   194.05144    64.744102       -565750.0       1693550.0    18    25   522 
   194.05351    64.744262       -565650.0       1693550.0    19    25   523 
   194.05558    64.744423       -565550.0       1693550.0    20    25   524 
   194.05764    64.744583       -565450.0       1693550.0    21    25   525 
   194.01593    64.742252       -567450.0       1693650.0     1    26   526 
   194.01800    64.742413       -567350.0       1693650.0     2    26   527 
   194.02007    64.742574       -567250.0       1693650.0     3    26   528 
   194.02213    64.742735       -567150.0       1693650.0     4    26   529 
   194.02420    64.742896       -567050.0       1693650.0     5    26   530 
   194.02627    64.743057       -566950.0       1693650.0     6    26   531 
   194.02833    64.743217       -566850.0       1693650.0     7    26   532 
   194.03040    64.743378       -566750.0       1693650.0     8    26   533 
   194.03247    64.743539       -566650.0       1693650.0     9    26   534 
   194.03453    64.743699       -566550.0       1693650.0    10    26   535 
   194.03660    64.743860       -566450.0       1693650.0    11    26   536 
   194.03867    64.744021       -566350.0       1693650.0    12    26   537 
   194.04073    64.744181       -566250.0       1693650.0    13    26   538 
   194.04280    64.744342       -566150.0       1693650.0    14    26   539 
   194.04487    64.744502       -566050.0       1693650.0    15    26   540 
   194.04693    64.744663       -565950.0       1693650.0    16    26   541 
   194.04900    64.744823       -565850.0       1693650.0    17    26   542 
   194.05107    64.744984       -565750.0       1693650.0    18    26   543 
   194.05313    64.745144       -565650.0       1693650.0    19    26   544 
   194.05520    64.745305       -565550.0       1693650.0    20    26   545 
   194.05727    64.745465       -565450.0       1693650.0    21    26   546 
   194.01556    64.743134       -567450.0       1693750.0     1    27   547 
   194.01762    64.743295       -567350.0       1693750.0     2    27   548 
   194.01969    64.743456       -567250.0       1693750.0     3    27   549 
   194.02176    64.743617       -567150.0       1693750.0     4    27   550 
   194.02382    64.743778       -567050.0       1693750.0     5    27   551 
   194.02589    64.743939       -566950.0       1693750.0     6    27   552 
   194.02796    64.744099       -566850.0       1693750.0     7    27   553 
   194.03002    64.744260       -566750.0       1693750.0     8    27   554 
   194.03209    64.744421       -566650.0       1693750.0     9    27   555 
   194.03416    64.744581       -566550.0       1693750.0    10    27   556 
   194.03622    64.744742       -566450.0       1693750.0    11    27   557 
   194.03829    64.744903       -566350.0       1693750.0    12    27   558 
   194.04036    64.745063       -566250.0       1693750.0    13    27   559 
   194.04242    64.745224       -566150.0       1693750.0    14    27   560 
   194.04449    64.745384       -566050.0       1693750.0    15    27   561 
   194.04656    64.745545       -565950.0       1693750.0    16    27   562 
   194.04862    64.745705       -565850.0       1693750.0    17    27   563 
   194.05069    64.745866       -565750.0       1693750.0    18    27   564 
   194.05276    64.746026       -565650.0       1693750.0    19    27   565 
   194.05482    64.746187       -565550.0       1693750.0    20    27   566 
   194.05689    64.746347       -565450.0       1693750.0    21    27   567 
   194.01518    64.744016       -567450.0       1693850.0     1    28   568 
   194.01725    64.744177       -567350.0       1693850.0     2    28   569 
   194.01931    64.744338       -567250.0       1693850.0     3    28   570 
   194.02138    64.744499       -567150.0       1693850.0     4    28   571 
   194.02345    64.744660       -567050.0       1693850.0     5    28   572 
   194.02551    64.744821       -566950.0       1693850.0     6    28   573 
   194.02758    64.744981       -566850.0       1693850.0     7    28   574 
   194.02965    64.745142       -566750.0       1693850.0     8    28   575 
   194.03171    64.745303       -566650.0       1693850.0     9    28   576 
   194.03378    64.745463       -566550.0       1693850.0    10    28   577 
   194.03585    64.745624       -566450.0       1693850.0    11    28   578 
   194.03791    64.745785       -566350.0       1693850.0    12    28   579 
   194.03998    64.745945       -566250.0       1693850.0    13    28   580 
   194.04205    64.746106       -566150.0       1693850.0    14    28   581 
   194.04411    64.746266       -566050.0       1693850.0    15    28   582 
   194.04618    64.746427       -565950.0       1693850.0    16    28   583 
   194.04825    64.746588       -565850.0       1693850.0    17    28   584 
   194.05031    64.746748       -565750.0       1693850.0    18    28   585 
   194.05238    64.746908       -565650.0       1693850.0    19    28   586 
   194.05445    64.747069       -565550.0       1693850.0    20    28   587 
   194.05651    64.747229       -565450.0       1693850.0    21    28   588 
   194.01480    64.744898       -567450.0       1693950.0     1    29   589 
   194.01687    64.745059       -567350.0       1693950.0     2    29   590 
   194.01894    64.745220       -567250.0       1693950.0     3    29   591 
   194.02100    64.745381       -567150.0       1693950.0     4    29   592 
   194.02307    64.745542       -567050.0       1693950.0     5    29   593 
   194.02514    64.745703       -566950.0       1693950.0     6    29   594 
   194.02720    64.745863       -566850.0       1693950.0     7    29   595 
   194.02927    64.746024       -566750.0       1693950.0     8    29   596 
   194.03134    64.746185       -566650.0       1693950.0     9    29   597 
   194.03340    64.746346       -566550.0       1693950.0    10    29   598 
   194.03547    64.746506       -566450.0       1693950.0    11    29   599 
   194.03754    64.746667       -566350.0       1693950.0    12    29   600 
   194.03960    64.746827       -566250.0       1693950.0    13    29   601 
   194.04167    64.746988       -566150.0       1693950.0    14    29   602 
   194.04374    64.747149       -566050.0       1693950.0    15    29   603 
   194.04580    64.747309       -565950.0       1693950.0    16    29   604 
   194.04787    64.747470       -565850.0       1693950.0    17    29   605 
   194.04994    64.747630       -565750.0       1693950.0    18    29   606 
   194.05201    64.747791       -565650.0       1693950.0    19    29   607 
   194.05407    64.747951       -565550.0       1693950.0    20    29   608 
   194.05614    64.748111       -565450.0       1693950.0    21    29   609 
   194.01443    64.745780       -567450.0       1694050.0     1    30   610 
   194.01649    64.745941       -567350.0       1694050.0     2    30   611 
   194.01856    64.746102       -567250.0       1694050.0     3    30   612 
   194.02063    64.746263       -567150.0       1694050.0     4    30   613 
   194.02269    64.746424       -567050.0       1694050.0     5    30   614 
   194.02476    64.746585       -566950.0       1694050.0     6    30   615 
   194.02683    64.746745       -566850.0       1694050.0     7    30   616 
   194.02889    64.746906       -566750.0       1694050.0     8    30   617 
   194.03096    64.747067       -566650.0       1694050.0     9    30   618 
   194.03303    64.747228       -566550.0       1694050.0    10    30   619 
   194.03509    64.747388       -566450.0       1694050.0    11    30   620 
   194.03716    64.747549       -566350.0       1694050.0    12    30   621 
   194.03923    64.747709       -566250.0       1694050.0    13    30   622 
   194.04129    64.747870       -566150.0       1694050.0    14    30   623 
   194.04336    64.748031       -566050.0       1694050.0    15    30   624 
   194.04543    64.748191       -565950.0       1694050.0    16    30   625 
   194.04750    64.748352       -565850.0       1694050.0    17    30   626 
   194.04956    64.748512       -565750.0       1694050.0    18    30   627 
   194.05163    64.748673       -565650.0       1694050.0    19    30   628 
   194.05370    64.748833       -565550.0       1694050.0    20    30   629 
   194.05576    64.748993       -565450.0       1694050.0    21    30   630 
   194.01405    64.746662       -567450.0       1694150.0     1    31   631 
   194.01612    64.746823       -567350.0       1694150.0     2    31   632 
   194.01818    64.746984       -567250.0       1694150.0     3    31   633 
   194.02025    64.747145       -567150.0       1694150.0     4    31   634 
   194.02232    64.747306       -567050.0       1694150.0     5    31   635 
   194.02438    64.747467       -566950.0       1694150.0     6    31   636 
   194.02645    64.747627       -566850.0       1694150.0     7    31   637 
   194.02852    64.747788       -566750.0       1694150.0     8    31   638 
   194.03058    64.747949       -566650.0       1694150.0     9    31   639 
   194.03265    64.748110       -566550.0       1694150.0    10    31   640 
   194.03472    64.748270       -566450.0       1694150.0    11    31   641 
   194.03678    64.748431       -566350.0       1694150.0    12    31   642 
   194.03885    64.748592       -566250.0       1694150.0    13    31   643 
   194.04092    64.748752       -566150.0       1694150.0    14    31   644 
   194.04298    64.748913       -566050.0       1694150.0    15    31   645 
   194.04505    64.749073       -565950.0       1694150.0    16    31   646 
   194.04712    64.749234       -565850.0       1694150.0    17    31   647 
   194.04919    64.749394       -565750.0       1694150.0    18    31   648 
   194.05125    64.749555       -565650.0       1694150.0    19    31   649 
   194.05332    64.749715       -565550.0       1694150.0    20    31   650 
   194.05539    64.749876       -565450.0       1694150.0    21    31   651 
   194.01367    64.747544       -567450.0       1694250.0     1    32   652 
   194.01574    64.747705       -567350.0       1694250.0     2    32   653 
   194.01781    64.747866       -567250.0       1694250.0     3    32   654 
   194.01987    64.748027       -567150.0       1694250.0     4    32   655 
   194.02194    64.748188       -567050.0       1694250.0     5    32   656 
   194.02401    64.748349       -566950.0       1694250.0     6    32   657 
   194.02607    64.748509       -566850.0       1694250.0     7    32   658 
   194.02814    64.748670       -566750.0       1694250.0     8    32   659 
   194.03021    64.748831       -566650.0       1694250.0     9    32   660 
   194.03227    64.748992       -566550.0       1694250.0    10    32   661 
   194.03434    64.749152       -566450.0       1694250.0    11    32   662 
   194.03641    64.749313       -566350.0       1694250.0    12    32   663 
   194.03847    64.749474       -566250.0       1694250.0    13    32   664 
   194.04054    64.749634       -566150.0       1694250.0    14    32   665 
   194.04261    64.749795       -566050.0       1694250.0    15    32   666 
   194.04468    64.749955       -565950.0       1694250.0    16    32   667 
   194.04674    64.750116       -565850.0       1694250.0    17    32   668 
   194.04881    64.750276       -565750.0       1694250.0    18    32   669 
   194.05088    64.750437       -565650.0       1694250.0    19    32   670 
   194.05294    64.750597       -565550.0       1694250.0    20    32   671 
   194.05501    64.750758       -565450.0       1694250.0    21    32   672 
