   196.19585    64.862976     1     1 
   196.22458    64.862724     1     2 
   196.23926    64.868713     1     3 
   196.25333    64.862465     1     4 
   196.26801    64.868454     1     5 
   196.28207    64.862206     1     6 
   196.29675    64.868187     1     7 
   196.31145    64.874168     1     8 
   196.32550    64.867920     1     9 
   196.34019    64.873894     1    10 
   196.20992    64.856743     1    11 
   196.31082    64.861938     1    12 
   196.23865    64.856483     1    13 
   196.35425    64.867645     1    14 
   196.33955    64.861671     1    15 
   196.26740    64.856224     1    16 
   196.29613    64.855965     1    17 
   196.22398    64.850502     1    18 
   196.32487    64.855698     1    19 
   196.25272    64.850243     1    20 
   196.28145    64.849983     1    21 
   196.31018    64.849716     1    22 
   196.35361    64.855423     1    23 
   196.20932    64.844513     1    24 
   196.23805    64.844261     1    25 
   196.33891    64.849449     1    26 
   196.26678    64.844002     1    27 
   196.29550    64.843735     1    28 
   196.22339    64.838272     1    29 
   196.32423    64.843468     1    30 
   196.25211    64.838013     1    31 
   196.28084    64.837753     1    32 
   196.35297    64.843201     1    33 
   196.30956    64.837486     1    34 
   196.23744    64.832031     1    35 
   196.33829    64.837219     1    36 
